[[[[  5.887641   -7.2671742]
   [  6.3964496  -8.167532 ]
   [  7.196006   -8.5534   ]
   [  7.4140663  -8.682022 ]
   [  7.8501883  -7.07424  ]
   [  7.1233187  -8.489088 ]
   [  8.504371   -9.646691 ]
   [  6.61451    -7.2028627]
   [  6.7598844  -7.009929 ]
   [  5.742267   -7.2671742]
   [  5.8149543  -6.8813066]
   [  6.61451    -8.939267 ]
   [  7.3413796  -8.03891  ]
   [  6.469136   -8.810645 ]
   [  9.085866  -10.4184265]
   [  5.5968933  -8.296155 ]
   [  5.960328   -7.7173533]
   [  6.2510757  -6.6883726]
   [  6.7598844  -6.9456177]
   [  5.8149543  -5.9166374]]

  [[  6.832571   -9.196512 ]
   [  8.068249   -9.903936 ]
   [  7.777501   -9.775314 ]
   [  7.8501883  -9.646691 ]
   [  7.995562   -8.746333 ]
   [  7.4867535 -10.3541155]
   [  8.358996  -10.675672 ]
   [  4.5792766  -4.501789 ]
   [  7.2686925  -6.9456177]
   [  6.2510757  -7.2671742]
   [  6.905258   -7.460108 ]
   [  6.469136   -8.231843 ]
   [  6.3237624  -7.009929 ]
   [  6.5418234  -9.260824 ]
   [  8.940492   -9.06789  ]
   [  5.960328   -8.810645 ]
   [  6.3237624  -6.1738825]
   [  5.960328   -7.2671742]
   [  5.887641   -6.8813066]
   [  7.4140663  -7.7816644]]

  [[  7.3413796  -8.617711 ]
   [  7.704814  -10.675672 ]
   [  7.995562   -8.874956 ]
   [  8.068249   -9.646691 ]
   [  7.2686925  -9.389446 ]
   [  7.704814   -9.58238  ]
   [  5.8149543  -8.296155 ]
   [  7.704814   -9.839625 ]
   [  6.469136   -7.653042 ]
   [  5.960328   -8.03891  ]
   [  6.033015   -7.395797 ]
   [  6.469136   -6.3668165]
   [  6.5418234  -8.489088 ]
   [  6.3964496  -9.325135 ]
   [  8.504371   -8.939267 ]
   [  5.6695805  -9.003578 ]
   [  6.5418234  -7.3314853]
   [  6.3237624  -7.395797 ]
   [  6.61451    -7.3314853]
   [  7.4867535  -8.489088 ]]

  [[  6.5418234  -7.07424  ]
   [  7.777501   -9.453757 ]
   [  7.55944   -10.611361 ]
   [  7.8501883  -8.746333 ]
   [  7.196006   -7.460108 ]
   [  8.213623   -8.489088 ]
   [  7.4867535  -8.360466 ]
   [  7.922875   -9.646691 ]
   [  5.960328   -7.7816644]
   [  6.5418234  -7.9745984]
   [  6.3964496  -7.7173533]
   [  7.1233187  -8.167532 ]
   [  7.2686925  -8.939267 ]
   [  7.704814  -10.09687  ]
   [  8.577057   -9.839625 ]
   [  5.0880847  -7.07424  ]
   [  6.3237624  -6.6240616]
   [  5.887641   -6.238194 ]
   [  5.742267   -6.495439 ]
   [  6.61451    -7.910287 ]]

  [[  6.7598844  -8.103221 ]
   [  8.504371  -10.2254925]
   [  6.3964496  -8.874956 ]
   [  7.922875   -8.296155 ]
   [  6.687197   -7.7173533]
   [  6.687197   -7.7816644]
   [  7.777501   -7.5244193]
   [  6.469136   -7.7173533]
   [  6.7598844  -7.7173533]
   [  6.1783886  -8.5534   ]
   [  5.8149543  -7.07424  ]
   [  6.3237624  -6.8813066]
   [  7.4867535  -8.5534   ]
   [  9.013179  -10.289804 ]
   [  8.867805   -8.874956 ]
   [  5.742267   -7.910287 ]
   [  6.2510757  -7.2671742]
   [  5.960328   -7.2028627]
   [  5.960328   -5.852326 ]
   [  6.5418234  -7.588731 ]]

  [[  7.3413796  -8.360466 ]
   [  6.977945  -10.4184265]
   [  8.431684   -9.518069 ]
   [  6.5418234  -7.07424  ]
   [  6.7598844  -9.518069 ]
   [  7.8501883  -8.03891  ]
   [  7.4140663  -7.588731 ]
   [  7.2686925  -9.260824 ]
   [  5.8149543  -8.167532 ]
   [  5.6695805  -7.588731 ]
   [  6.1783886  -6.816995 ]
   [  6.3964496  -7.588731 ]
   [  5.8149543  -8.296155 ]
   [  9.231239   -9.903936 ]
   [  7.2686925  -9.003578 ]
   [  7.4867535  -8.874956 ]
   [  5.5968933  -7.910287 ]
   [  5.5968933  -8.617711 ]
   [  5.3788323  -7.395797 ]
   [  6.5418234  -8.424777 ]]

  [[  6.5418234  -7.9745984]
   [  6.5418234  -7.460108 ]
   [  7.050632   -8.682022 ]
   [  6.5418234  -9.132201 ]
   [  6.832571   -8.939267 ]
   [  7.196006   -7.07424  ]
   [  7.4140663  -8.03891  ]
   [  6.832571   -9.132201 ]
   [  7.050632   -8.103221 ]
   [  7.2686925  -8.231843 ]
   [  6.3237624  -7.2028627]
   [  5.6695805  -6.04526  ]
   [  6.5418234  -8.874956 ]
   [  6.7598844  -8.424777 ]
   [  7.55944    -9.003578 ]
   [  6.977945   -9.06789  ]
   [  9.013179   -8.424777 ]
   [  6.469136   -8.617711 ]
   [  7.4867535  -9.58238  ]
   [  9.303926  -10.2254925]]

  [[  6.687197   -8.360466 ]
   [  7.1233187 -10.032559 ]
   [  7.922875   -7.1385517]
   [  8.068249   -8.360466 ]
   [  6.905258   -9.839625 ]
   [  7.6321273  -7.07424  ]
   [  7.4140663  -8.617711 ]
   [  7.777501   -8.5534   ]
   [  6.105702   -8.682022 ]
   [  7.6321273  -7.653042 ]
   [  6.905258   -7.9745984]
   [  7.2686925  -8.489088 ]
   [  7.3413796  -8.617711 ]
   [  7.6321273  -8.296155 ]
   [  7.704814  -10.032559 ]
   [  7.4867535  -8.424777 ]
   [  8.795118   -9.453757 ]
   [  7.1233187  -8.874956 ]
   [  5.742267   -6.8813066]
   [  6.832571   -7.7816644]]

  [[  6.2510757  -8.682022 ]
   [  6.1783886  -5.9166374]
   [  5.887641   -5.788015 ]
   [  6.2510757  -7.845976 ]
   [  7.4140663  -8.103221 ]
   [  6.977945   -9.196512 ]
   [  7.777501  -10.675672 ]
   [  8.213623   -8.617711 ]
   [  6.5418234  -9.839625 ]
   [  7.196006  -10.3541155]
   [  6.977945   -8.810645 ]
   [  7.704814   -8.424777 ]
   [  6.977945   -8.682022 ]
   [  7.050632   -9.968247 ]
   [  7.3413796  -8.810645 ]
   [  5.742267   -8.424777 ]
   [  7.4140663  -8.874956 ]
   [  7.050632   -7.845976 ]
   [  5.960328   -8.874956 ]
   [  6.3964496  -7.588731 ]]

  [[  5.5968933  -7.7816644]
   [  6.3237624  -7.9745984]
   [  5.5968933  -7.653042 ]
   [  6.105702   -9.389446 ]
   [  7.777501   -8.682022 ]
   [  5.742267   -6.1095715]
   [  7.55944    -9.003578 ]
   [  6.905258   -7.7173533]
   [  6.7598844  -8.360466 ]
   [  8.068249   -8.874956 ]
   [  7.922875  -10.161181 ]
   [  7.1233187  -9.389446 ]
   [  7.4140663  -8.682022 ]
   [  6.2510757  -8.103221 ]
   [  6.977945   -8.360466 ]
   [  6.7598844  -8.424777 ]
   [  7.1233187  -8.939267 ]
   [  6.687197   -9.260824 ]
   [  6.5418234  -8.360466 ]
   [  8.577057   -8.03891  ]]

  [[  6.105702   -7.9745984]
   [  6.687197   -7.653042 ]
   [  6.7598844  -7.07424  ]
   [  7.2686925  -7.7816644]
   [  7.2686925  -6.752684 ]
   [  5.2334585  -6.55975  ]
   [  7.2686925  -7.653042 ]
   [  6.61451    -8.682022 ]
   [  5.887641   -7.910287 ]
   [  6.105702   -8.489088 ]
   [  7.050632   -9.325135 ]
   [  7.6321273  -8.746333 ]
   [  6.469136   -9.003578 ]
   [  7.3413796  -8.360466 ]
   [  6.687197   -9.06789  ]
   [  6.7598844  -7.9745984]
   [  7.050632   -8.167532 ]
   [  5.887641   -8.296155 ]
   [  6.105702   -6.238194 ]
   [  5.2334585  -3.3441863]]

  [[  6.1783886  -7.7173533]
   [  6.687197   -7.653042 ]
   [  6.5418234  -7.395797 ]
   [  6.1783886  -7.7173533]
   [  7.4140663  -7.7816644]
   [  6.832571   -7.7816644]
   [  6.1783886  -7.460108 ]
   [  7.3413796  -8.424777 ]
   [  5.6695805  -7.2028627]
   [  6.105702   -7.5244193]
   [  7.4140663  -9.06789  ]
   [  7.4140663  -8.617711 ]
   [  8.795118   -8.939267 ]
   [  6.905258   -8.103221 ]
   [  6.3237624  -8.296155 ]
   [  6.105702   -7.845976 ]
   [  7.2686925  -7.395797 ]
   [  8.213623   -9.518069 ]
   [  5.524206   -5.9166374]
   [  7.4140663  -9.06789  ]]

  [[  7.1233187  -6.495439 ]
   [  5.887641   -5.9809484]
   [  6.905258   -8.167532 ]
   [  5.960328   -8.103221 ]
   [  6.1783886  -8.296155 ]
   [  6.905258   -8.296155 ]
   [  6.2510757  -7.3314853]
   [  6.1783886  -6.238194 ]
   [  6.033015   -6.3668165]
   [  6.469136   -9.646691 ]
   [  5.960328   -8.874956 ]
   [  7.196006   -9.903936 ]
   [  7.6321273  -8.682022 ]
   [  7.196006   -9.196512 ]
   [  6.3964496  -8.746333 ]
   [  6.61451    -7.653042 ]
   [  6.832571   -9.775314 ]
   [  6.832571   -7.395797 ]
   [  6.7598844  -9.260824 ]
   [  9.158553   -7.3314853]]

  [[  5.960328   -6.6240616]
   [  6.469136   -6.6883726]
   [  7.4140663  -8.939267 ]
   [  6.105702   -6.3668165]
   [  7.1233187  -7.460108 ]
   [  6.3237624  -8.03891  ]
   [  8.795118   -9.003578 ]
   [  5.5968933  -5.788015 ]
   [  7.3413796  -7.845976 ]
   [  4.3612156  -4.3088555]
   [  7.704814   -7.2671742]
   [  6.7598844  -8.360466 ]
   [  6.5418234  -8.810645 ]
   [  6.7598844  -9.903936 ]
   [  6.7598844  -9.389446 ]
   [  5.887641   -7.2671742]
   [  6.105702   -8.939267 ]
   [  6.905258   -7.3314853]
   [  5.887641   -7.009929 ]
   [  5.3061457  -4.180233 ]]

  [[  7.2686925  -8.103221 ]
   [  7.050632   -6.816995 ]
   [  6.905258   -7.460108 ]
   [  6.7598844  -6.6240616]
   [  6.2510757  -5.4664583]
   [  6.61451    -5.9809484]
   [  4.797337   -4.0516105]
   [  5.5968933  -4.501789 ]
   [  5.6695805  -6.8813066]
   [  5.4515195  -5.0162797]
   [  5.8149543  -7.7173533]
   [  5.8149543  -9.06789  ]
   [  7.2686925  -9.518069 ]
   [  7.4140663  -5.852326 ]
   [  6.7598844  -9.06789  ]
   [  7.2686925  -8.489088 ]
   [  5.015398   -5.788015 ]
   [  7.3413796  -5.4664583]
   [  5.8149543  -6.816995 ]
   [  6.687197   -7.07424  ]]

  [[  6.1783886  -6.752684 ]
   [  6.2510757  -7.653042 ]
   [  5.4515195  -7.2671742]
   [  5.742267   -6.8813066]
   [  6.1783886  -8.231843 ]
   [  6.3964496  -7.845976 ]
   [  6.977945   -8.296155 ]
   [  7.922875   -7.653042 ]
   [  7.704814   -7.588731 ]
   [  7.777501   -8.489088 ]
   [  6.905258   -7.3314853]
   [  6.687197   -5.4021473]
   [  5.6695805  -5.9809484]
   [  5.742267   -6.302505 ]
   [  6.033015   -7.653042 ]
   [  6.469136   -6.3668165]
   [  5.6695805  -6.55975  ]
   [  6.105702   -5.788015 ]
   [  6.977945   -6.495439 ]
   [  5.960328   -5.9166374]]

  [[  5.3061457  -5.9809484]
   [  6.105702   -6.6883726]
   [  6.61451    -7.910287 ]
   [  6.033015   -7.588731 ]
   [  6.7598844  -6.6240616]
   [  7.704814   -7.07424  ]
   [  7.196006   -8.617711 ]
   [  9.013179   -9.06789  ]
   [  7.196006   -7.588731 ]
   [  7.4867535  -7.07424  ]
   [  7.922875   -6.6883726]
   [  7.6321273  -7.9745984]
   [  6.3237624  -6.6240616]
   [  8.722431   -7.9745984]
   [  6.469136   -7.2028627]
   [  6.105702   -7.2028627]
   [  7.2686925  -6.816995 ]
   [  5.015398   -3.7943654]
   [  5.160772   -4.3731666]
   [  6.5418234  -5.2735248]]

  [[  6.3964496  -7.2028627]
   [  6.3964496  -7.910287 ]
   [  5.742267   -7.460108 ]
   [  7.4867535  -8.231843 ]
   [  6.687197   -7.2671742]
   [  6.7598844  -6.9456177]
   [  6.687197   -5.852326 ]
   [  7.3413796  -6.55975  ]
   [  7.1233187  -6.55975  ]
   [  7.1233187  -6.55975  ]
   [  6.2510757  -6.9456177]
   [  5.2334585  -6.238194 ]
   [  4.2885284  -4.0516105]
   [  5.160772   -5.337836 ]
   [  6.2510757  -6.752684 ]
   [  5.742267   -8.360466 ]
   [  5.8149543  -5.4021473]
   [  5.2334585  -6.3668165]
   [  5.3788323  -4.887657 ]
   [  5.3061457  -5.9809484]]

  [[  6.687197   -5.2735248]
   [  6.469136   -7.07424  ]
   [  6.5418234  -8.296155 ]
   [  6.105702   -8.03891  ]
   [  6.3964496  -6.3668165]
   [  5.6695805  -6.6883726]
   [  5.2334585  -6.495439 ]
   [  5.8149543  -6.9456177]
   [  5.887641   -7.07424  ]
   [  5.8149543  -6.3668165]
   [  5.524206   -7.588731 ]
   [  5.0880847  -8.682022 ]
   [  6.687197   -7.588731 ]
   [  6.469136   -6.55975  ]
   [  6.3237624  -6.752684 ]
   [  6.687197   -8.231843 ]
   [  7.196006   -8.617711 ]
   [  6.5418234  -8.424777 ]
   [  6.905258   -7.395797 ]
   [  7.2686925  -8.746333 ]]

  [[  5.887641   -9.003578 ]
   [  6.5418234  -6.238194 ]
   [  6.61451    -7.845976 ]
   [  7.2686925  -8.682022 ]
   [  7.4140663  -8.296155 ]
   [  8.358996  -10.5470495]
   [  8.504371   -9.325135 ]
   [  8.867805   -9.839625 ]
   [  9.521987  -10.804295 ]
   [  9.376614   -9.58238  ]
   [  7.777501   -9.453757 ]
   [  8.940492  -10.032559 ]
   [  8.504371   -6.6240616]
   [  8.504371   -8.682022 ]
   [  8.213623   -9.325135 ]
   [  8.867805   -9.839625 ]
   [  7.3413796  -8.489088 ]
   [  6.033015   -5.595081 ]
   [  7.1233187  -8.489088 ]
   [  6.905258   -7.2671742]]]]
